01011985
02011985
03011985
04011985
05011985
06011985
07011985
08011985
09011985
10011985
11011985
12011985
13011985
14011985
15011985
16011985
17011985
18011985
19011985
20011985
21011985
22011985
23011985
24011985
25011985
26011985
27011985
28011985
29011985
30011985
31011985
01021985
02021985
03021985
04021985
05021985
06021985
07021985
08021985
09021985
10021985
11021985
12021985
13021985
14021985
15021985
16021985
17021985
18021985
19021985
20021985
21021985
22021985
23021985
24021985
25021985
26021985
27021985
28021985
01031985
02031985
03031985
04031985
05031985
06031985
07031985
08031985
09031985
10031985
11031985
12031985
13031985
14031985
15031985
16031985
17031985
18031985
19031985
20031985
21031985
22031985
23031985
24031985
25031985
26031985
27031985
28031985
29031985
30031985
31031985
01041985
02041985
03041985
04041985
05041985
06041985
07041985
08041985
09041985
10041985
11041985
12041985
13041985
14041985
15041985
16041985
17041985
18041985
19041985
20041985
21041985
22041985
23041985
24041985
25041985
26041985
27041985
28041985
29041985
30041985
01051985
02051985
03051985
04051985
05051985
06051985
07051985
08051985
09051985
10051985
11051985
12051985
13051985
14051985
15051985
16051985
17051985
18051985
19051985
20051985
21051985
22051985
23051985
24051985
25051985
26051985
27051985
28051985
29051985
30051985
31051985
01061985
02061985
03061985
04061985
05061985
06061985
07061985
08061985
09061985
10061985
11061985
12061985
13061985
14061985
15061985
16061985
17061985
18061985
19061985
20061985
21061985
22061985
23061985
24061985
25061985
26061985
27061985
28061985
29061985
30061985
01071985
02071985
03071985
04071985
05071985
06071985
07071985
08071985
09071985
10071985
11071985
12071985
13071985
14071985
15071985
16071985
17071985
18071985
19071985
20071985
21071985
22071985
23071985
24071985
25071985
26071985
27071985
28071985
29071985
30071985
31071985
01081985
02081985
03081985
04081985
05081985
06081985
07081985
08081985
09081985
10081985
11081985
12081985
13081985
14081985
15081985
16081985
17081985
18081985
19081985
20081985
21081985
22081985
23081985
24081985
25081985
26081985
27081985
28081985
29081985
30081985
31081985
01091985
02091985
03091985
04091985
05091985
06091985
07091985
08091985
09091985
10091985
11091985
12091985
13091985
14091985
15091985
16091985
17091985
18091985
19091985
20091985
21091985
22091985
23091985
24091985
25091985
26091985
27091985
28091985
29091985
30091985
01101985
02101985
03101985
04101985
05101985
06101985
07101985
08101985
09101985
10101985
11101985
12101985
13101985
14101985
15101985
16101985
17101985
18101985
19101985
20101985
21101985
22101985
23101985
24101985
25101985
26101985
27101985
28101985
29101985
30101985
31101985
01111985
02111985
03111985
04111985
05111985
06111985
07111985
08111985
09111985
10111985
11111985
12111985
13111985
14111985
15111985
16111985
17111985
18111985
19111985
20111985
21111985
22111985
23111985
24111985
25111985
26111985
27111985
28111985
29111985
30111985
01121985
02121985
03121985
04121985
05121985
06121985
07121985
08121985
09121985
10121985
11121985
12121985
13121985
14121985
15121985
16121985
17121985
18121985
19121985
20121985
21121985
22121985
23121985
24121985
25121985
26121985
27121985
28121985
29121985
30121985
31121985
01011986
02011986
03011986
04011986
05011986
06011986
07011986
08011986
09011986
10011986
11011986
12011986
13011986
14011986
15011986
16011986
17011986
18011986
19011986
20011986
21011986
22011986
23011986
24011986
25011986
26011986
27011986
28011986
29011986
30011986
31011986
01021986
02021986
03021986
04021986
05021986
06021986
07021986
08021986
09021986
10021986
11021986
12021986
13021986
14021986
15021986
16021986
17021986
18021986
19021986
20021986
21021986
22021986
23021986
24021986
25021986
26021986
27021986
28021986
01031986
02031986
03031986
04031986
05031986
06031986
07031986
08031986
09031986
10031986
11031986
12031986
13031986
14031986
15031986
16031986
17031986
18031986
19031986
20031986
21031986
22031986
23031986
24031986
25031986
26031986
27031986
28031986
29031986
30031986
31031986
01041986
02041986
03041986
04041986
05041986
06041986
07041986
08041986
09041986
10041986
11041986
12041986
13041986
14041986
15041986
16041986
17041986
18041986
19041986
20041986
21041986
22041986
23041986
24041986
25041986
26041986
27041986
28041986
29041986
30041986
01051986
02051986
03051986
04051986
05051986
06051986
07051986
08051986
09051986
10051986
11051986
12051986
13051986
14051986
15051986
16051986
17051986
18051986
19051986
20051986
21051986
22051986
23051986
24051986
25051986
26051986
27051986
28051986
29051986
30051986
31051986
01061986
02061986
03061986
04061986
05061986
06061986
07061986
08061986
09061986
10061986
11061986
12061986
13061986
14061986
15061986
16061986
17061986
18061986
19061986
20061986
21061986
22061986
23061986
24061986
25061986
26061986
27061986
28061986
29061986
30061986
01071986
02071986
03071986
04071986
05071986
06071986
07071986
08071986
09071986
10071986
11071986
12071986
13071986
14071986
15071986
16071986
17071986
18071986
19071986
20071986
21071986
22071986
23071986
24071986
25071986
26071986
27071986
28071986
29071986
30071986
31071986
01081986
02081986
03081986
04081986
05081986
06081986
07081986
08081986
09081986
10081986
11081986
12081986
13081986
14081986
15081986
16081986
17081986
18081986
19081986
20081986
21081986
22081986
23081986
24081986
25081986
26081986
27081986
28081986
29081986
30081986
31081986
01091986
02091986
03091986
04091986
05091986
06091986
07091986
08091986
09091986
10091986
11091986
12091986
13091986
14091986
15091986
16091986
17091986
18091986
19091986
20091986
21091986
22091986
23091986
24091986
25091986
26091986
27091986
28091986
29091986
30091986
01101986
02101986
03101986
04101986
05101986
06101986
07101986
08101986
09101986
10101986
11101986
12101986
13101986
14101986
15101986
16101986
17101986
18101986
19101986
20101986
21101986
22101986
23101986
24101986
25101986
26101986
27101986
28101986
29101986
30101986
31101986
01111986
02111986
03111986
04111986
05111986
06111986
07111986
08111986
09111986
10111986
11111986
12111986
13111986
14111986
15111986
16111986
17111986
18111986
19111986
20111986
21111986
22111986
23111986
24111986
25111986
26111986
27111986
28111986
29111986
30111986
01121986
02121986
03121986
04121986
05121986
06121986
07121986
08121986
09121986
10121986
11121986
12121986
13121986
14121986
15121986
16121986
17121986
18121986
19121986
20121986
21121986
22121986
23121986
24121986
25121986
26121986
27121986
28121986
29121986
30121986
31121986
01011987
02011987
03011987
04011987
05011987
06011987
07011987
08011987
09011987
10011987
11011987
12011987
13011987
14011987
15011987
16011987
17011987
18011987
19011987
20011987
21011987
22011987
23011987
24011987
25011987
26011987
27011987
28011987
29011987
30011987
31011987
01021987
02021987
03021987
04021987
05021987
06021987
07021987
08021987
09021987
10021987
11021987
12021987
13021987
14021987
15021987
16021987
17021987
18021987
19021987
20021987
21021987
22021987
23021987
24021987
25021987
26021987
27021987
28021987
01031987
02031987
03031987
04031987
05031987
06031987
07031987
08031987
09031987
10031987
11031987
12031987
13031987
14031987
15031987
16031987
17031987
18031987
19031987
20031987
21031987
22031987
23031987
24031987
25031987
26031987
27031987
28031987
29031987
30031987
31031987
01041987
02041987
03041987
04041987
05041987
06041987
07041987
08041987
09041987
10041987
11041987
12041987
13041987
14041987
15041987
16041987
17041987
18041987
19041987
20041987
21041987
22041987
23041987
24041987
25041987
26041987
27041987
28041987
29041987
30041987
01051987
02051987
03051987
04051987
05051987
06051987
07051987
08051987
09051987
10051987
11051987
12051987
13051987
14051987
15051987
16051987
17051987
18051987
19051987
20051987
21051987
22051987
23051987
24051987
25051987
26051987
27051987
28051987
29051987
30051987
31051987
01061987
02061987
03061987
04061987
05061987
06061987
07061987
08061987
09061987
10061987
11061987
12061987
13061987
14061987
15061987
16061987
17061987
18061987
19061987
20061987
21061987
22061987
23061987
24061987
25061987
26061987
27061987
28061987
29061987
30061987
01071987
02071987
03071987
04071987
05071987
06071987
07071987
08071987
09071987
10071987
11071987
12071987
13071987
14071987
15071987
16071987
17071987
18071987
19071987
20071987
21071987
22071987
23071987
24071987
25071987
26071987
27071987
28071987
29071987
30071987
31071987
01081987
02081987
03081987
04081987
05081987
06081987
07081987
08081987
09081987
10081987
11081987
12081987
13081987
14081987
15081987
16081987
17081987
18081987
19081987
20081987
21081987
22081987
23081987
24081987
25081987
26081987
27081987
28081987
29081987
30081987
31081987
01091987
02091987
03091987
04091987
05091987
06091987
07091987
08091987
09091987
10091987
11091987
12091987
13091987
14091987
15091987
16091987
17091987
18091987
19091987
20091987
21091987
22091987
23091987
24091987
25091987
26091987
27091987
28091987
29091987
30091987
01101987
02101987
03101987
04101987
05101987
06101987
07101987
08101987
09101987
10101987
11101987
12101987
13101987
14101987
15101987
16101987
17101987
18101987
19101987
20101987
21101987
22101987
23101987
24101987
25101987
26101987
27101987
28101987
29101987
30101987
31101987
01111987
02111987
03111987
04111987
05111987
06111987
07111987
08111987
09111987
10111987
11111987
12111987
13111987
14111987
15111987
16111987
17111987
18111987
19111987
20111987
21111987
22111987
23111987
24111987
25111987
26111987
27111987
28111987
29111987
30111987
01121987
02121987
03121987
04121987
05121987
06121987
07121987
08121987
09121987
10121987
11121987
12121987
13121987
14121987
15121987
16121987
17121987
18121987
19121987
20121987
21121987
22121987
23121987
24121987
25121987
26121987
27121987
28121987
29121987
30121987
31121987
01011988
02011988
03011988
04011988
05011988
06011988
07011988
08011988
09011988
10011988
11011988
12011988
13011988
14011988
15011988
16011988
17011988
18011988
19011988
20011988
21011988
22011988
23011988
24011988
25011988
26011988
27011988
28011988
29011988
30011988
31011988
01021988
02021988
03021988
04021988
05021988
06021988
07021988
08021988
09021988
10021988
11021988
12021988
13021988
14021988
15021988
16021988
17021988
18021988
19021988
20021988
21021988
22021988
23021988
24021988
25021988
26021988
27021988
28021988
29021988
01031988
02031988
03031988
04031988
05031988
06031988
07031988
08031988
09031988
10031988
11031988
12031988
13031988
14031988
15031988
16031988
17031988
18031988
19031988
20031988
21031988
22031988
23031988
24031988
25031988
26031988
27031988
28031988
29031988
30031988
31031988
01041988
02041988
03041988
04041988
05041988
06041988
07041988
08041988
09041988
10041988
11041988
12041988
13041988
14041988
15041988
16041988
17041988
18041988
19041988
20041988
21041988
22041988
23041988
24041988
25041988
26041988
27041988
28041988
29041988
30041988
01051988
02051988
03051988
04051988
05051988
06051988
07051988
08051988
09051988
10051988
11051988
12051988
13051988
14051988
15051988
16051988
17051988
18051988
19051988
20051988
21051988
22051988
23051988
24051988
25051988
26051988
27051988
28051988
29051988
30051988
31051988
01061988
02061988
03061988
04061988
05061988
06061988
07061988
08061988
09061988
10061988
11061988
12061988
13061988
14061988
15061988
16061988
17061988
18061988
19061988
20061988
21061988
22061988
23061988
24061988
25061988
26061988
27061988
28061988
29061988
30061988
01071988
02071988
03071988
04071988
05071988
06071988
07071988
08071988
09071988
10071988
11071988
12071988
13071988
14071988
15071988
16071988
17071988
18071988
19071988
20071988
21071988
22071988
23071988
24071988
25071988
26071988
27071988
28071988
29071988
30071988
31071988
01081988
02081988
03081988
04081988
05081988
06081988
07081988
08081988
09081988
10081988
11081988
12081988
13081988
14081988
15081988
16081988
17081988
18081988
19081988
20081988
21081988
22081988
23081988
24081988
25081988
26081988
27081988
28081988
29081988
30081988
31081988
01091988
02091988
03091988
04091988
05091988
06091988
07091988
08091988
09091988
10091988
11091988
12091988
13091988
14091988
15091988
16091988
17091988
18091988
19091988
20091988
21091988
22091988
23091988
24091988
25091988
26091988
27091988
28091988
29091988
30091988
01101988
02101988
03101988
04101988
05101988
06101988
07101988
08101988
09101988
10101988
11101988
12101988
13101988
14101988
15101988
16101988
17101988
18101988
19101988
20101988
21101988
22101988
23101988
24101988
25101988
26101988
27101988
28101988
29101988
30101988
31101988
01111988
02111988
03111988
04111988
05111988
06111988
07111988
08111988
09111988
10111988
11111988
12111988
13111988
14111988
15111988
16111988
17111988
18111988
19111988
20111988
21111988
22111988
23111988
24111988
25111988
26111988
27111988
28111988
29111988
30111988
01121988
02121988
03121988
04121988
05121988
06121988
07121988
08121988
09121988
10121988
11121988
12121988
13121988
14121988
15121988
16121988
17121988
18121988
19121988
20121988
21121988
22121988
23121988
24121988
25121988
26121988
27121988
28121988
29121988
30121988
31121988
01011989
02011989
03011989
04011989
05011989
06011989
07011989
08011989
09011989
10011989
11011989
12011989
13011989
14011989
15011989
16011989
17011989
18011989
19011989
20011989
21011989
22011989
23011989
24011989
25011989
26011989
27011989
28011989
29011989
30011989
31011989
01021989
02021989
03021989
04021989
05021989
06021989
07021989
08021989
09021989
10021989
11021989
12021989
13021989
14021989
15021989
16021989
17021989
18021989
19021989
20021989
21021989
22021989
23021989
24021989
25021989
26021989
27021989
28021989
01031989
02031989
03031989
04031989
05031989
06031989
07031989
08031989
09031989
10031989
11031989
12031989
13031989
14031989
15031989
16031989
17031989
18031989
19031989
20031989
21031989
22031989
23031989
24031989
25031989
26031989
27031989
28031989
29031989
30031989
31031989
01041989
02041989
03041989
04041989
05041989
06041989
07041989
08041989
09041989
10041989
11041989
12041989
13041989
14041989
15041989
16041989
17041989
18041989
19041989
20041989
21041989
22041989
23041989
24041989
25041989
26041989
27041989
28041989
29041989
30041989
01051989
02051989
03051989
04051989
05051989
06051989
07051989
08051989
09051989
10051989
11051989
12051989
13051989
14051989
15051989
16051989
17051989
18051989
19051989
20051989
21051989
22051989
23051989
24051989
25051989
26051989
27051989
28051989
29051989
30051989
31051989
01061989
02061989
03061989
04061989
05061989
06061989
07061989
08061989
09061989
10061989
11061989
12061989
13061989
14061989
15061989
16061989
17061989
18061989
19061989
20061989
21061989
22061989
23061989
24061989
25061989
26061989
27061989
28061989
29061989
30061989
01071989
02071989
03071989
04071989
05071989
06071989
07071989
08071989
09071989
10071989
11071989
12071989
13071989
14071989
15071989
16071989
17071989
18071989
19071989
20071989
21071989
22071989
23071989
24071989
25071989
26071989
27071989
28071989
29071989
30071989
31071989
01081989
02081989
03081989
04081989
05081989
06081989
07081989
08081989
09081989
10081989
11081989
12081989
13081989
14081989
15081989
16081989
17081989
18081989
19081989
20081989
21081989
22081989
23081989
24081989
25081989
26081989
27081989
28081989
29081989
30081989
31081989
01091989
02091989
03091989
04091989
05091989
06091989
07091989
08091989
09091989
10091989
11091989
12091989
13091989
14091989
15091989
16091989
17091989
18091989
19091989
20091989
21091989
22091989
23091989
24091989
25091989
26091989
27091989
28091989
29091989
30091989
01101989
02101989
03101989
04101989
05101989
06101989
07101989
08101989
09101989
10101989
11101989
12101989
13101989
14101989
15101989
16101989
17101989
18101989
19101989
20101989
21101989
22101989
23101989
24101989
25101989
26101989
27101989
28101989
29101989
30101989
31101989
01111989
02111989
03111989
04111989
05111989
06111989
07111989
08111989
09111989
10111989
11111989
12111989
13111989
14111989
15111989
16111989
17111989
18111989
19111989
20111989
21111989
22111989
23111989
24111989
25111989
26111989
27111989
28111989
29111989
30111989
01121989
02121989
03121989
04121989
05121989
06121989
07121989
08121989
09121989
10121989
11121989
12121989
13121989
14121989
15121989
16121989
17121989
18121989
19121989
20121989
21121989
22121989
23121989
24121989
25121989
26121989
27121989
28121989
29121989
30121989
31121989
01011990
02011990
03011990
04011990
05011990
06011990
07011990
08011990
09011990
10011990
11011990
12011990
13011990
14011990
15011990
16011990
17011990
18011990
19011990
20011990
21011990
22011990
23011990
24011990
25011990
26011990
27011990
28011990
29011990
30011990
31011990
01021990
02021990
03021990
04021990
05021990
06021990
07021990
08021990
09021990
10021990
11021990
12021990
13021990
14021990
15021990
16021990
17021990
18021990
19021990
20021990
21021990
22021990
23021990
24021990
25021990
26021990
27021990
28021990
01031990
02031990
03031990
04031990
05031990
06031990
07031990
08031990
09031990
10031990
11031990
12031990
13031990
14031990
15031990
16031990
17031990
18031990
19031990
20031990
21031990
22031990
23031990
24031990
25031990
26031990
27031990
28031990
29031990
30031990
31031990
01041990
02041990
03041990
04041990
05041990
06041990
07041990
08041990
09041990
10041990
11041990
12041990
13041990
14041990
15041990
16041990
17041990
18041990
19041990
20041990
21041990
22041990
23041990
24041990
25041990
26041990
27041990
28041990
29041990
30041990
01051990
02051990
03051990
04051990
05051990
06051990
07051990
08051990
09051990
10051990
11051990
12051990
13051990
14051990
15051990
16051990
17051990
18051990
19051990
20051990
21051990
22051990
23051990
24051990
25051990
26051990
27051990
28051990
29051990
30051990
31051990
01061990
02061990
03061990
04061990
05061990
06061990
07061990
08061990
09061990
10061990
11061990
12061990
13061990
14061990
15061990
16061990
17061990
18061990
19061990
20061990
21061990
22061990
23061990
24061990
25061990
26061990
27061990
28061990
29061990
30061990
01071990
02071990
03071990
04071990
05071990
06071990
07071990
08071990
09071990
10071990
11071990
12071990
13071990
14071990
15071990
16071990
17071990
18071990
19071990
20071990
21071990
22071990
23071990
24071990
25071990
26071990
27071990
28071990
29071990
30071990
31071990
01081990
02081990
03081990
04081990
05081990
06081990
07081990
08081990
09081990
10081990
11081990
12081990
13081990
14081990
15081990
16081990
17081990
18081990
19081990
20081990
21081990
22081990
23081990
24081990
25081990
26081990
27081990
28081990
29081990
30081990
31081990
01091990
02091990
03091990
04091990
05091990
06091990
07091990
08091990
09091990
10091990
11091990
12091990
13091990
14091990
15091990
16091990
17091990
18091990
19091990
20091990
21091990
22091990
23091990
24091990
25091990
26091990
27091990
28091990
29091990
30091990
01101990
02101990
03101990
04101990
05101990
06101990
07101990
08101990
09101990
10101990
11101990
12101990
13101990
14101990
15101990
16101990
17101990
18101990
19101990
20101990
21101990
22101990
23101990
24101990
25101990
26101990
27101990
28101990
29101990
30101990
31101990
01111990
02111990
03111990
04111990
05111990
06111990
07111990
08111990
09111990
10111990
11111990
12111990
13111990
14111990
15111990
16111990
17111990
18111990
19111990
20111990
21111990
22111990
23111990
24111990
25111990
26111990
27111990
28111990
29111990
30111990
01121990
02121990
03121990
04121990
05121990
06121990
07121990
08121990
09121990
10121990
11121990
12121990
13121990
14121990
15121990
16121990
17121990
18121990
19121990
20121990
21121990
22121990
23121990
24121990
25121990
26121990
27121990
28121990
29121990
30121990
31121990
01011991
02011991
03011991
04011991
05011991
06011991
07011991
08011991
09011991
10011991
11011991
12011991
13011991
14011991
15011991
16011991
17011991
18011991
19011991
20011991
21011991
22011991
23011991
24011991
25011991
26011991
27011991
28011991
29011991
30011991
31011991
01021991
02021991
03021991
04021991
05021991
06021991
07021991
08021991
09021991
10021991
11021991
12021991
13021991
14021991
15021991
16021991
17021991
18021991
19021991
20021991
21021991
22021991
23021991
24021991
25021991
26021991
27021991
28021991
01031991
02031991
03031991
04031991
05031991
06031991
07031991
08031991
09031991
10031991
11031991
12031991
13031991
14031991
15031991
16031991
17031991
18031991
19031991
20031991
21031991
22031991
23031991
24031991
25031991
26031991
27031991
28031991
29031991
30031991
31031991
01041991
02041991
03041991
04041991
05041991
06041991
07041991
08041991
09041991
10041991
11041991
12041991
13041991
14041991
15041991
16041991
17041991
18041991
19041991
20041991
21041991
22041991
23041991
24041991
25041991
26041991
27041991
28041991
29041991
30041991
01051991
02051991
03051991
04051991
05051991
06051991
07051991
08051991
09051991
10051991
11051991
12051991
13051991
14051991
15051991
16051991
17051991
18051991
19051991
20051991
21051991
22051991
23051991
24051991
25051991
26051991
27051991
28051991
29051991
30051991
31051991
01061991
02061991
03061991
04061991
05061991
06061991
07061991
08061991
09061991
10061991
11061991
12061991
13061991
14061991
15061991
16061991
17061991
18061991
19061991
20061991
21061991
22061991
23061991
24061991
25061991
26061991
27061991
28061991
29061991
30061991
01071991
02071991
03071991
04071991
05071991
06071991
07071991
08071991
09071991
10071991
11071991
12071991
13071991
14071991
15071991
16071991
17071991
18071991
19071991
20071991
21071991
22071991
23071991
24071991
25071991
26071991
27071991
28071991
29071991
30071991
31071991
01081991
02081991
03081991
04081991
05081991
06081991
07081991
08081991
09081991
10081991
11081991
12081991
13081991
14081991
15081991
16081991
17081991
18081991
19081991
20081991
21081991
22081991
23081991
24081991
25081991
26081991
27081991
28081991
29081991
30081991
31081991
01091991
02091991
03091991
04091991
05091991
06091991
07091991
08091991
09091991
10091991
11091991
12091991
13091991
14091991
15091991
16091991
17091991
18091991
19091991
20091991
21091991
22091991
23091991
24091991
25091991
26091991
27091991
28091991
29091991
30091991
01101991
02101991
03101991
04101991
05101991
06101991
07101991
08101991
09101991
10101991
11101991
12101991
13101991
14101991
15101991
16101991
17101991
18101991
19101991
20101991
21101991
22101991
23101991
24101991
25101991
26101991
27101991
28101991
29101991
30101991
31101991
01111991
02111991
03111991
04111991
05111991
06111991
07111991
08111991
09111991
10111991
11111991
12111991
13111991
14111991
15111991
16111991
17111991
18111991
19111991
20111991
21111991
22111991
23111991
24111991
25111991
26111991
27111991
28111991
29111991
30111991
01121991
02121991
03121991
04121991
05121991
06121991
07121991
08121991
09121991
10121991
11121991
12121991
13121991
14121991
15121991
16121991
17121991
18121991
19121991
20121991
21121991
22121991
23121991
24121991
25121991
26121991
27121991
28121991
29121991
30121991
31121991
01011992
02011992
03011992
04011992
05011992
06011992
07011992
08011992
09011992
10011992
11011992
12011992
13011992
14011992
15011992
16011992
17011992
18011992
19011992
20011992
21011992
22011992
23011992
24011992
25011992
26011992
27011992
28011992
29011992
30011992
31011992
01021992
02021992
03021992
04021992
05021992
06021992
07021992
08021992
09021992
10021992
11021992
12021992
13021992
14021992
15021992
16021992
17021992
18021992
19021992
20021992
21021992
22021992
23021992
24021992
25021992
26021992
27021992
28021992
29021992
01031992
02031992
03031992
04031992
05031992
06031992
07031992
08031992
09031992
10031992
11031992
12031992
13031992
14031992
15031992
16031992
17031992
18031992
19031992
20031992
21031992
22031992
23031992
24031992
25031992
26031992
27031992
28031992
29031992
30031992
31031992
01041992
02041992
03041992
04041992
05041992
06041992
07041992
08041992
09041992
10041992
11041992
12041992
13041992
14041992
15041992
16041992
17041992
18041992
19041992
20041992
21041992
22041992
23041992
24041992
25041992
26041992
27041992
28041992
29041992
30041992
01051992
02051992
03051992
04051992
05051992
06051992
07051992
08051992
09051992
10051992
11051992
12051992
13051992
14051992
15051992
16051992
17051992
18051992
19051992
20051992
21051992
22051992
23051992
24051992
25051992
26051992
27051992
28051992
29051992
30051992
31051992
01061992
02061992
03061992
04061992
05061992
06061992
07061992
08061992
09061992
10061992
11061992
12061992
13061992
14061992
15061992
16061992
17061992
18061992
19061992
20061992
21061992
22061992
23061992
24061992
25061992
26061992
27061992
28061992
29061992
30061992
01071992
02071992
03071992
04071992
05071992
06071992
07071992
08071992
09071992
10071992
11071992
12071992
13071992
14071992
15071992
16071992
17071992
18071992
19071992
20071992
21071992
22071992
23071992
24071992
25071992
26071992
27071992
28071992
29071992
30071992
31071992
01081992
02081992
03081992
04081992
05081992
06081992
07081992
08081992
09081992
10081992
11081992
12081992
13081992
14081992
15081992
16081992
17081992
18081992
19081992
20081992
21081992
22081992
23081992
24081992
25081992
26081992
27081992
28081992
29081992
30081992
31081992
01091992
02091992
03091992
04091992
05091992
06091992
07091992
08091992
09091992
10091992
11091992
12091992
13091992
14091992
15091992
16091992
17091992
18091992
19091992
20091992
21091992
22091992
23091992
24091992
25091992
26091992
27091992
28091992
29091992
30091992
01101992
02101992
03101992
04101992
05101992
06101992
07101992
08101992
09101992
10101992
11101992
12101992
13101992
14101992
15101992
16101992
17101992
18101992
19101992
20101992
21101992
22101992
23101992
24101992
25101992
26101992
27101992
28101992
29101992
30101992
31101992
01111992
02111992
03111992
04111992
05111992
06111992
07111992
08111992
09111992
10111992
11111992
12111992
13111992
14111992
15111992
16111992
17111992
18111992
19111992
20111992
21111992
22111992
23111992
24111992
25111992
26111992
27111992
28111992
29111992
30111992
01121992
02121992
03121992
04121992
05121992
06121992
07121992
08121992
09121992
10121992
11121992
12121992
13121992
14121992
15121992
16121992
17121992
18121992
19121992
20121992
21121992
22121992
23121992
24121992
25121992
26121992
27121992
28121992
29121992
30121992
31121992
01011993
02011993
03011993
04011993
05011993
06011993
07011993
08011993
09011993
10011993
11011993
12011993
13011993
14011993
15011993
16011993
17011993
18011993
19011993
20011993
21011993
22011993
23011993
24011993
25011993
26011993
27011993
28011993
29011993
30011993
31011993
01021993
02021993
03021993
04021993
05021993
06021993
07021993
08021993
09021993
10021993
11021993
12021993
13021993
14021993
15021993
16021993
17021993
18021993
19021993
20021993
21021993
22021993
23021993
24021993
25021993
26021993
27021993
28021993
01031993
02031993
03031993
04031993
05031993
06031993
07031993
08031993
09031993
10031993
11031993
12031993
13031993
14031993
15031993
16031993
17031993
18031993
19031993
20031993
21031993
22031993
23031993
24031993
25031993
26031993
27031993
28031993
29031993
30031993
31031993
01041993
02041993
03041993
04041993
05041993
06041993
07041993
08041993
09041993
10041993
11041993
12041993
13041993
14041993
15041993
16041993
17041993
18041993
19041993
20041993
21041993
22041993
23041993
24041993
25041993
26041993
27041993
28041993
29041993
30041993
01051993
02051993
03051993
04051993
05051993
06051993
07051993
08051993
09051993
10051993
11051993
12051993
13051993
14051993
15051993
16051993
17051993
18051993
19051993
20051993
21051993
22051993
23051993
24051993
25051993
26051993
27051993
28051993
29051993
30051993
31051993
01061993
02061993
03061993
04061993
05061993
06061993
07061993
08061993
09061993
10061993
11061993
12061993
13061993
14061993
15061993
16061993
17061993
18061993
19061993
20061993
21061993
22061993
23061993
24061993
25061993
26061993
27061993
28061993
29061993
30061993
01071993
02071993
03071993
04071993
05071993
06071993
07071993
08071993
09071993
10071993
11071993
12071993
13071993
14071993
15071993
16071993
17071993
18071993
19071993
20071993
21071993
22071993
23071993
24071993
25071993
26071993
27071993
28071993
29071993
30071993
31071993
01081993
02081993
03081993
04081993
05081993
06081993
07081993
08081993
09081993
10081993
11081993
12081993
13081993
14081993
15081993
16081993
17081993
18081993
19081993
20081993
21081993
22081993
23081993
24081993
25081993
26081993
27081993
28081993
29081993
30081993
31081993
01091993
02091993
03091993
04091993
05091993
06091993
07091993
08091993
09091993
10091993
11091993
12091993
13091993
14091993
15091993
16091993
17091993
18091993
19091993
20091993
21091993
22091993
23091993
24091993
25091993
26091993
27091993
28091993
29091993
30091993
01101993
02101993
03101993
04101993
05101993
06101993
07101993
08101993
09101993
10101993
11101993
12101993
13101993
14101993
15101993
16101993
17101993
18101993
19101993
20101993
21101993
22101993
23101993
24101993
25101993
26101993
27101993
28101993
29101993
30101993
31101993
01111993
02111993
03111993
04111993
05111993
06111993
07111993
08111993
09111993
10111993
11111993
12111993
13111993
14111993
15111993
16111993
17111993
18111993
19111993
20111993
21111993
22111993
23111993
24111993
25111993
26111993
27111993
28111993
29111993
30111993
01121993
02121993
03121993
04121993
05121993
06121993
07121993
08121993
09121993
10121993
11121993
12121993
13121993
14121993
15121993
16121993
17121993
18121993
19121993
20121993
21121993
22121993
23121993
24121993
25121993
26121993
27121993
28121993
29121993
30121993
31121993
01011994
02011994
03011994
04011994
05011994
06011994
07011994
08011994
09011994
10011994
11011994
12011994
13011994
14011994
15011994
16011994
17011994
18011994
19011994
20011994
21011994
22011994
23011994
24011994
25011994
26011994
27011994
28011994
29011994
30011994
31011994
01021994
02021994
03021994
04021994
05021994
06021994
07021994
08021994
09021994
10021994
11021994
12021994
13021994
14021994
15021994
16021994
17021994
18021994
19021994
20021994
21021994
22021994
23021994
24021994
25021994
26021994
27021994
28021994
01031994
02031994
03031994
04031994
05031994
06031994
07031994
08031994
09031994
10031994
11031994
12031994
13031994
14031994
15031994
16031994
17031994
18031994
19031994
20031994
21031994
22031994
23031994
24031994
25031994
26031994
27031994
28031994
29031994
30031994
31031994
01041994
02041994
03041994
04041994
05041994
06041994
07041994
08041994
09041994
10041994
11041994
12041994
13041994
14041994
15041994
16041994
17041994
18041994
19041994
20041994
21041994
22041994
23041994
24041994
25041994
26041994
27041994
28041994
29041994
30041994
01051994
02051994
03051994
04051994
05051994
06051994
07051994
08051994
09051994
10051994
11051994
12051994
13051994
14051994
15051994
16051994
17051994
18051994
19051994
20051994
21051994
22051994
23051994
24051994
25051994
26051994
27051994
28051994
29051994
30051994
31051994
01061994
02061994
03061994
04061994
05061994
06061994
07061994
08061994
09061994
10061994
11061994
12061994
13061994
14061994
15061994
16061994
17061994
18061994
19061994
20061994
21061994
22061994
23061994
24061994
25061994
26061994
27061994
28061994
29061994
30061994
01071994
02071994
03071994
04071994
05071994
06071994
07071994
08071994
09071994
10071994
11071994
12071994
13071994
14071994
15071994
16071994
17071994
18071994
19071994
20071994
21071994
22071994
23071994
24071994
25071994
26071994
27071994
28071994
29071994
30071994
31071994
01081994
02081994
03081994
04081994
05081994
06081994
07081994
08081994
09081994
10081994
11081994
12081994
13081994
14081994
15081994
16081994
17081994
18081994
19081994
20081994
21081994
22081994
23081994
24081994
25081994
26081994
27081994
28081994
29081994
30081994
31081994
01091994
02091994
03091994
04091994
05091994
06091994
07091994
08091994
09091994
10091994
11091994
12091994
13091994
14091994
15091994
16091994
17091994
18091994
19091994
20091994
21091994
22091994
23091994
24091994
25091994
26091994
27091994
28091994
29091994
30091994
01101994
02101994
03101994
04101994
05101994
06101994
07101994
08101994
09101994
10101994
11101994
12101994
13101994
14101994
15101994
16101994
17101994
18101994
19101994
20101994
21101994
22101994
23101994
24101994
25101994
26101994
27101994
28101994
29101994
30101994
31101994
01111994
02111994
03111994
04111994
05111994
06111994
07111994
08111994
09111994
10111994
11111994
12111994
13111994
14111994
15111994
16111994
17111994
18111994
19111994
20111994
21111994
22111994
23111994
24111994
25111994
26111994
27111994
28111994
29111994
30111994
01121994
02121994
03121994
04121994
05121994
06121994
07121994
08121994
09121994
10121994
11121994
12121994
13121994
14121994
15121994
16121994
17121994
18121994
19121994
20121994
21121994
22121994
23121994
24121994
25121994
26121994
27121994
28121994
29121994
30121994
31121994
01011995
02011995
03011995
04011995
05011995
06011995
07011995
08011995
09011995
10011995
11011995
12011995
13011995
14011995
15011995
16011995
17011995
18011995
19011995
20011995
21011995
22011995
23011995
24011995
25011995
26011995
27011995
28011995
29011995
30011995
31011995
01021995
02021995
03021995
04021995
05021995
06021995
07021995
08021995
09021995
10021995
11021995
12021995
13021995
14021995
15021995
16021995
17021995
18021995
19021995
20021995
21021995
22021995
23021995
24021995
25021995
26021995
27021995
28021995
01031995
02031995
03031995
04031995
05031995
06031995
07031995
08031995
09031995
10031995
11031995
12031995
13031995
14031995
15031995
16031995
17031995
18031995
19031995
20031995
21031995
22031995
23031995
24031995
25031995
26031995
27031995
28031995
29031995
30031995
31031995
01041995
02041995
03041995
04041995
05041995
06041995
07041995
08041995
09041995
10041995
11041995
12041995
13041995
14041995
15041995
16041995
17041995
18041995
19041995
20041995
21041995
22041995
23041995
24041995
25041995
26041995
27041995
28041995
29041995
30041995
01051995
02051995
03051995
04051995
05051995
06051995
07051995
08051995
09051995
10051995
11051995
12051995
13051995
14051995
15051995
16051995
17051995
18051995
19051995
20051995
21051995
22051995
23051995
24051995
25051995
26051995
27051995
28051995
29051995
30051995
31051995
01061995
02061995
03061995
04061995
05061995
06061995
07061995
08061995
09061995
10061995
11061995
12061995
13061995
14061995
15061995
16061995
17061995
18061995
19061995
20061995
21061995
22061995
23061995
24061995
25061995
26061995
27061995
28061995
29061995
30061995
01071995
02071995
03071995
04071995
05071995
06071995
07071995
08071995
09071995
10071995
11071995
12071995
13071995
14071995
15071995
16071995
17071995
18071995
19071995
20071995
21071995
22071995
23071995
24071995
25071995
26071995
27071995
28071995
29071995
30071995
31071995
01081995
02081995
03081995
04081995
05081995
06081995
07081995
08081995
09081995
10081995
11081995
12081995
13081995
14081995
15081995
16081995
17081995
18081995
19081995
20081995
21081995
22081995
23081995
24081995
25081995
26081995
27081995
28081995
29081995
30081995
31081995
01091995
02091995
03091995
04091995
05091995
06091995
07091995
08091995
09091995
10091995
11091995
12091995
13091995
14091995
15091995
16091995
17091995
18091995
19091995
20091995
21091995
22091995
23091995
24091995
25091995
26091995
27091995
28091995
29091995
30091995
01101995
02101995
03101995
04101995
05101995
06101995
07101995
08101995
09101995
10101995
11101995
12101995
13101995
14101995
15101995
16101995
17101995
18101995
19101995
20101995
21101995
22101995
23101995
24101995
25101995
26101995
27101995
28101995
29101995
30101995
31101995
01111995
02111995
03111995
04111995
05111995
06111995
07111995
08111995
09111995
10111995
11111995
12111995
13111995
14111995
15111995
16111995
17111995
18111995
19111995
20111995
21111995
22111995
23111995
24111995
25111995
26111995
27111995
28111995
29111995
30111995
01121995
02121995
03121995
04121995
05121995
06121995
07121995
08121995
09121995
10121995
11121995
12121995
13121995
14121995
15121995
16121995
17121995
18121995
19121995
20121995
21121995
22121995
23121995
24121995
25121995
26121995
27121995
28121995
29121995
30121995
31121995
01011996
02011996
03011996
04011996
05011996
06011996
07011996
08011996
09011996
10011996
11011996
12011996
13011996
14011996
15011996
16011996
17011996
18011996
19011996
20011996
21011996
22011996
23011996
24011996
25011996
26011996
27011996
28011996
29011996
30011996
31011996
01021996
02021996
03021996
04021996
05021996
06021996
07021996
08021996
09021996
10021996
11021996
12021996
13021996
14021996
15021996
16021996
17021996
18021996
19021996
20021996
21021996
22021996
23021996
24021996
25021996
26021996
27021996
28021996
29021996
01031996
02031996
03031996
04031996
05031996
06031996
07031996
08031996
09031996
10031996
11031996
12031996
13031996
14031996
15031996
16031996
17031996
18031996
19031996
20031996
21031996
22031996
23031996
24031996
25031996
26031996
27031996
28031996
29031996
30031996
31031996
01041996
02041996
03041996
04041996
05041996
06041996
07041996
08041996
09041996
10041996
11041996
12041996
13041996
14041996
15041996
16041996
17041996
18041996
19041996
20041996
21041996
22041996
23041996
24041996
25041996
26041996
27041996
28041996
29041996
30041996
01051996
02051996
03051996
04051996
05051996
06051996
07051996
08051996
09051996
10051996
11051996
12051996
13051996
14051996
15051996
16051996
17051996
18051996
19051996
20051996
21051996
22051996
23051996
24051996
25051996
26051996
27051996
28051996
29051996
30051996
31051996
01061996
02061996
03061996
04061996
05061996
06061996
07061996
08061996
09061996
10061996
11061996
12061996
13061996
14061996
15061996
16061996
17061996
18061996
19061996
20061996
21061996
22061996
23061996
24061996
25061996
26061996
27061996
28061996
29061996
30061996
01071996
02071996
03071996
04071996
05071996
06071996
07071996
08071996
09071996
10071996
11071996
12071996
13071996
14071996
15071996
16071996
17071996
18071996
19071996
20071996
21071996
22071996
23071996
24071996
25071996
26071996
27071996
28071996
29071996
30071996
31071996
01081996
02081996
03081996
04081996
05081996
06081996
07081996
08081996
09081996
10081996
11081996
12081996
13081996
14081996
15081996
16081996
17081996
18081996
19081996
20081996
21081996
22081996
23081996
24081996
25081996
26081996
27081996
28081996
29081996
30081996
31081996
01091996
02091996
03091996
04091996
05091996
06091996
07091996
08091996
09091996
10091996
11091996
12091996
13091996
14091996
15091996
16091996
17091996
18091996
19091996
20091996
21091996
22091996
23091996
24091996
25091996
26091996
27091996
28091996
29091996
30091996
01101996
02101996
03101996
04101996
05101996
06101996
07101996
08101996
09101996
10101996
11101996
12101996
13101996
14101996
15101996
16101996
17101996
18101996
19101996
20101996
21101996
22101996
23101996
24101996
25101996
26101996
27101996
28101996
29101996
30101996
31101996
01111996
02111996
03111996
04111996
05111996
06111996
07111996
08111996
09111996
10111996
11111996
12111996
13111996
14111996
15111996
16111996
17111996
18111996
19111996
20111996
21111996
22111996
23111996
24111996
25111996
26111996
27111996
28111996
29111996
30111996
01121996
02121996
03121996
04121996
05121996
06121996
07121996
08121996
09121996
10121996
11121996
12121996
13121996
14121996
15121996
16121996
17121996
18121996
19121996
20121996
21121996
22121996
23121996
24121996
25121996
26121996
27121996
28121996
29121996
30121996
31121996
01011997
02011997
03011997
04011997
05011997
06011997
07011997
08011997
09011997
10011997
11011997
12011997
13011997
14011997
15011997
16011997
17011997
18011997
19011997
20011997
21011997
22011997
23011997
24011997
25011997
26011997
27011997
28011997
29011997
30011997
31011997
01021997
02021997
03021997
04021997
05021997
06021997
07021997
08021997
09021997
10021997
11021997
12021997
13021997
14021997
15021997
16021997
17021997
18021997
19021997
20021997
21021997
22021997
23021997
24021997
25021997
26021997
27021997
28021997
01031997
02031997
03031997
04031997
05031997
06031997
07031997
08031997
09031997
10031997
11031997
12031997
13031997
14031997
15031997
16031997
17031997
18031997
19031997
20031997
21031997
22031997
23031997
24031997
25031997
26031997
27031997
28031997
29031997
30031997
31031997
01041997
02041997
03041997
04041997
05041997
06041997
07041997
08041997
09041997
10041997
11041997
12041997
13041997
14041997
15041997
16041997
17041997
18041997
19041997
20041997
21041997
22041997
23041997
24041997
25041997
26041997
27041997
28041997
29041997
30041997
01051997
02051997
03051997
04051997
05051997
06051997
07051997
08051997
09051997
10051997
11051997
12051997
13051997
14051997
15051997
16051997
17051997
18051997
19051997
20051997
21051997
22051997
23051997
24051997
25051997
26051997
27051997
28051997
29051997
30051997
31051997
01061997
02061997
03061997
04061997
05061997
06061997
07061997
08061997
09061997
10061997
11061997
12061997
13061997
14061997
15061997
16061997
17061997
18061997
19061997
20061997
21061997
22061997
23061997
24061997
25061997
26061997
27061997
28061997
29061997
30061997
01071997
02071997
03071997
04071997
05071997
06071997
07071997
08071997
09071997
10071997
11071997
12071997
13071997
14071997
15071997
16071997
17071997
18071997
19071997
20071997
21071997
22071997
23071997
24071997
25071997
26071997
27071997
28071997
29071997
30071997
31071997
01081997
02081997
03081997
04081997
05081997
06081997
07081997
08081997
09081997
10081997
11081997
12081997
13081997
14081997
15081997
16081997
17081997
18081997
19081997
20081997
21081997
22081997
23081997
24081997
25081997
26081997
27081997
28081997
29081997
30081997
31081997
01091997
02091997
03091997
04091997
05091997
06091997
07091997
08091997
09091997
10091997
11091997
12091997
13091997
14091997
15091997
16091997
17091997
18091997
19091997
20091997
21091997
22091997
23091997
24091997
25091997
26091997
27091997
28091997
29091997
30091997
01101997
02101997
03101997
04101997
05101997
06101997
07101997
08101997
09101997
10101997
11101997
12101997
13101997
14101997
15101997
16101997
17101997
18101997
19101997
20101997
21101997
22101997
23101997
24101997
25101997
26101997
27101997
28101997
29101997
30101997
31101997
01111997
02111997
03111997
04111997
05111997
06111997
07111997
08111997
09111997
10111997
11111997
12111997
13111997
14111997
15111997
16111997
17111997
18111997
19111997
20111997
21111997
22111997
23111997
24111997
25111997
26111997
27111997
28111997
29111997
30111997
01121997
02121997
03121997
04121997
05121997
06121997
07121997
08121997
09121997
10121997
11121997
12121997
13121997
14121997
15121997
16121997
17121997
18121997
19121997
20121997
21121997
22121997
23121997
24121997
25121997
26121997
27121997
28121997
29121997
30121997
31121997
01011998
02011998
03011998
04011998
05011998
06011998
07011998
08011998
09011998
10011998
11011998
12011998
13011998
14011998
15011998
16011998
17011998
18011998
19011998
20011998
21011998
22011998
23011998
24011998
25011998
26011998
27011998
28011998
29011998
30011998
31011998
01021998
02021998
03021998
04021998
05021998
06021998
07021998
08021998
09021998
10021998
11021998
12021998
13021998
14021998
15021998
16021998
17021998
18021998
19021998
20021998
21021998
22021998
23021998
24021998
25021998
26021998
27021998
28021998
01031998
02031998
03031998
04031998
05031998
06031998
07031998
08031998
09031998
10031998
11031998
12031998
13031998
14031998
15031998
16031998
17031998
18031998
19031998
20031998
21031998
22031998
23031998
24031998
25031998
26031998
27031998
28031998
29031998
30031998
31031998
01041998
02041998
03041998
04041998
05041998
06041998
07041998
08041998
09041998
10041998
11041998
12041998
13041998
14041998
15041998
16041998
17041998
18041998
19041998
20041998
21041998
22041998
23041998
24041998
25041998
26041998
27041998
28041998
29041998
30041998
01051998
02051998
03051998
04051998
05051998
06051998
07051998
08051998
09051998
10051998
11051998
12051998
13051998
14051998
15051998
16051998
17051998
18051998
19051998
20051998
21051998
22051998
23051998
24051998
25051998
26051998
27051998
28051998
29051998
30051998
31051998
01061998
02061998
03061998
04061998
05061998
06061998
07061998
08061998
09061998
10061998
11061998
12061998
13061998
14061998
15061998
16061998
17061998
18061998
19061998
20061998
21061998
22061998
23061998
24061998
25061998
26061998
27061998
28061998
29061998
30061998
01071998
02071998
03071998
04071998
05071998
06071998
07071998
08071998
09071998
10071998
11071998
12071998
13071998
14071998
15071998
16071998
17071998
18071998
19071998
20071998
21071998
22071998
23071998
24071998
25071998
26071998
27071998
28071998
29071998
30071998
31071998
01081998
02081998
03081998
04081998
05081998
06081998
07081998
08081998
09081998
10081998
11081998
12081998
13081998
14081998
15081998
16081998
17081998
18081998
19081998
20081998
21081998
22081998
23081998
24081998
25081998
26081998
27081998
28081998
29081998
30081998
31081998
01091998
02091998
03091998
04091998
05091998
06091998
07091998
08091998
09091998
10091998
11091998
12091998
13091998
14091998
15091998
16091998
17091998
18091998
19091998
20091998
21091998
22091998
23091998
24091998
25091998
26091998
27091998
28091998
29091998
30091998
01101998
02101998
03101998
04101998
05101998
06101998
07101998
08101998
09101998
10101998
11101998
12101998
13101998
14101998
15101998
16101998
17101998
18101998
19101998
20101998
21101998
22101998
23101998
24101998
25101998
26101998
27101998
28101998
29101998
30101998
31101998
01111998
02111998
03111998
04111998
05111998
06111998
07111998
08111998
09111998
10111998
11111998
12111998
13111998
14111998
15111998
16111998
17111998
18111998
19111998
20111998
21111998
22111998
23111998
24111998
25111998
26111998
27111998
28111998
29111998
30111998
01121998
02121998
03121998
04121998
05121998
06121998
07121998
08121998
09121998
10121998
11121998
12121998
13121998
14121998
15121998
16121998
17121998
18121998
19121998
20121998
21121998
22121998
23121998
24121998
25121998
26121998
27121998
28121998
29121998
30121998
31121998
01011999
02011999
03011999
04011999
05011999
06011999
07011999
08011999
09011999
10011999
11011999
12011999
13011999
14011999
15011999
16011999
17011999
18011999
19011999
20011999
21011999
22011999
23011999
24011999
25011999
26011999
27011999
28011999
29011999
30011999
31011999
01021999
02021999
03021999
04021999
05021999
06021999
07021999
08021999
09021999
10021999
11021999
12021999
13021999
14021999
15021999
16021999
17021999
18021999
19021999
20021999
21021999
22021999
23021999
24021999
25021999
26021999
27021999
28021999
01031999
02031999
03031999
04031999
05031999
06031999
07031999
08031999
09031999
10031999
11031999
12031999
13031999
14031999
15031999
16031999
17031999
18031999
19031999
20031999
21031999
22031999
23031999
24031999
25031999
26031999
27031999
28031999
29031999
30031999
31031999
01041999
02041999
03041999
04041999
05041999
06041999
07041999
08041999
09041999
10041999
11041999
12041999
13041999
14041999
15041999
16041999
17041999
18041999
19041999
20041999
21041999
22041999
23041999
24041999
25041999
26041999
27041999
28041999
29041999
30041999
01051999
02051999
03051999
04051999
05051999
06051999
07051999
08051999
09051999
10051999
11051999
12051999
13051999
14051999
15051999
16051999
17051999
18051999
19051999
20051999
21051999
22051999
23051999
24051999
25051999
26051999
27051999
28051999
29051999
30051999
31051999
01061999
02061999
03061999
04061999
05061999
06061999
07061999
08061999
09061999
10061999
11061999
12061999
13061999
14061999
15061999
16061999
17061999
18061999
19061999
20061999
21061999
22061999
23061999
24061999
25061999
26061999
27061999
28061999
29061999
30061999
01071999
02071999
03071999
04071999
05071999
06071999
07071999
08071999
09071999
10071999
11071999
12071999
13071999
14071999
15071999
16071999
17071999
18071999
19071999
20071999
21071999
22071999
23071999
24071999
25071999
26071999
27071999
28071999
29071999
30071999
31071999
01081999
02081999
03081999
04081999
05081999
06081999
07081999
08081999
09081999
10081999
11081999
12081999
13081999
14081999
15081999
16081999
17081999
18081999
19081999
20081999
21081999
22081999
23081999
24081999
25081999
26081999
27081999
28081999
29081999
30081999
31081999
01091999
02091999
03091999
04091999
05091999
06091999
07091999
08091999
09091999
10091999
11091999
12091999
13091999
14091999
15091999
16091999
17091999
18091999
19091999
20091999
21091999
22091999
23091999
24091999
25091999
26091999
27091999
28091999
29091999
30091999
01101999
02101999
03101999
04101999
05101999
06101999
07101999
08101999
09101999
10101999
11101999
12101999
13101999
14101999
15101999
16101999
17101999
18101999
19101999
20101999
21101999
22101999
23101999
24101999
25101999
26101999
27101999
28101999
29101999
30101999
31101999
01111999
02111999
03111999
04111999
05111999
06111999
07111999
08111999
09111999
10111999
11111999
12111999
13111999
14111999
15111999
16111999
17111999
18111999
19111999
20111999
21111999
22111999
23111999
24111999
25111999
26111999
27111999
28111999
29111999
30111999
01121999
02121999
03121999
04121999
05121999
06121999
07121999
08121999
09121999
10121999
11121999
12121999
13121999
14121999
15121999
16121999
17121999
18121999
19121999
20121999
21121999
22121999
23121999
24121999
25121999
26121999
27121999
28121999
29121999
30121999
31121999
01012000
02012000
03012000
04012000
